5 7.35387 0.452929 0.439171 0.445659
10 7.88705 0.610167 0.602785 0.603958
15 8.36035 0.671405 0.665645 0.665963
20 9.02389 0.744643 0.74167 0.740309
25 9.51874 0.786238 0.78363 0.782613
30 9.76073 0.823595 0.822542 0.820555
35 9.96874 0.85069 0.849718 0.848239
40 10.3049 0.871214 0.870143 0.869035
45 10.6487 0.891762 0.890745 0.890219
50 10.9644 0.904381 0.903556 0.90316
55 11.5705 0.910071 0.909086 0.908911
60 12.1203 0.915214 0.914402 0.914104
65 12.3719 0.923143 0.922462 0.922192
70 12.6991 0.925452 0.924675 0.9245
75 12.9591 0.928429 0.927858 0.927584
80 13.2379 0.933571 0.933015 0.932807
85 13.6453 0.935262 0.934707 0.934463
