5 2.19184 0.530908 0.518236 0.525824
10 3.48884 0.848962 0.845307 0.846532
15 4.65023 0.93147 0.930479 0.930447
20 5.99372 0.954972 0.954345 0.95436
25 7.17219 0.96233 0.961991 0.961866
30 8.46636 0.967425 0.967195 0.966993
35 9.75606 0.96983 0.969646 0.969434
40 11.0041 0.971854 0.971772 0.971464
45 12.2604 0.972378 0.972319 0.971985
50 13.4789 0.972926 0.97291 0.97255
55 14.7581 0.972783 0.972846 0.972385
60 16.1481 0.973069 0.973138 0.972674
65 17.3403 0.621122 0.894795 0.621418
70 18.5041 0.0983903 -nan 0.1
75 19.8164 0.0983903 -nan 0.1
80 21.1171 0.0983903 -nan 0.1
85 22.3622 0.0983903 -nan 0.1
