gamma: 5
iteracion numero: 1
------------------
[0]
[0]
[0]
[0]
[0]
[0]
[0]
[0]
[0]
[0]
[0]
[0]
[1.98063e-06]
[7.38805e-06]
[3.39536e-06]
[1.41473e-07]
[0]
[0]
[0]
[0]
[0]
[0]
[0]
[0]
[0]
[0]
[0]
[0]
[0]
[0]
[0]
[0]
[2.51508e-07]
[8.64559e-07]
[6.96363e-06]
[1.79985e-05]
[3.36078e-05]
[4.3841e-05]
[8.55442e-05]
[0.000114955]
[0.000126304]
[0.000125833]
[0.000129432]
[0.000113131]
[0.000108589]
[0.000100163]
[6.95263e-05]
[4.01313e-05]
[2.97565e-05]
[1.01704e-05]
[6.94791e-06]
[3.33248e-06]
[0]
[0]
[0]
[0]
[0]
[0]
[1.00603e-06]
[4.55859e-07]
[4.84153e-06]
[5.9576e-06]
[4.03513e-05]
[9.97387e-05]
[0.000195327]
[0.000352331]
[0.000573973]
[0.000888782]
[0.00130816]
[0.00178164]
[0.00223819]
[0.00250989]
[0.00246923]
[0.00220035]
[0.00177233]
[0.00131554]
[0.000789515]
[0.000396911]
[0.000193991]
[6.50148e-05]
[2.30759e-05]
[5.5489e-06]
[0]
[0]
[0]
[0]
[2.38933e-06]
[2.75087e-06]
[1.08306e-05]
[5.92616e-05]
[0.000155699]
[0.000357]
[0.000787519]
[0.00151376]
[0.00248792]
[0.00377235]
[0.00511743]
[0.00663434]
[0.00796723]
[0.00885007]
[0.00863072]
[0.00764113]
[0.00613697]
[0.0044289]
[0.00273328]
[0.00149839]
[0.000720885]
[0.000280321]
[0.000110899]
[1.56721e-05]
[1.90203e-06]
[0]
[0]
[5.97332e-07]
[1.80771e-06]
[1.06105e-05]
[5.82713e-05]
[0.000256617]
[0.000680046]
[0.00162075]
[0.00327016]
[0.0057286]
[0.00911055]
[0.0134225]
[0.0185149]
[0.0238236]
[0.0282001]
[0.0304305]
[0.0294073]
[0.0257142]
[0.0204432]
[0.0151251]
[0.00981655]
[0.00573828]
[0.00300447]
[0.00138636]
[0.000553758]
[0.000133865]
[2.34217e-05]
[0]
[0]
[0]
[6.22482e-06]
[3.169e-05]
[0.000271739]
[0.0009496]
[0.00234882]
[0.00472044]
[0.00853527]
[0.0141416]
[0.0212732]
[0.0299494]
[0.0397287]
[0.0495226]
[0.0569736]
[0.0604673]
[0.0590559]
[0.0530165]
[0.0434166]
[0.0327779]
[0.0227049]
[0.0141665]
[0.00807313]
[0.00420855]
[0.00191863]
[0.000523781]
[8.32177e-05]
[2.82947e-07]
[0]
[6.2877e-08]
[1.52477e-05]
[0.000150779]
[0.000762242]
[0.00215758]
[0.00486379]
[0.00931336]
[0.0159292]
[0.025011]
[0.0356563]
[0.0475379]
[0.0597299]
[0.0709981]
[0.0790267]
[0.0824565]
[0.0804767]
[0.073711]
[0.0631084]
[0.0492526]
[0.0354773]
[0.0230789]
[0.0136634]
[0.00734415]
[0.00346886]
[0.00117083]
[0.000228244]
[1.65209e-05]
[0]
[1.1758e-05]
[7.42578e-05]
[0.000410257]
[0.00161893]
[0.00394847]
[0.00817909]
[0.0147592]
[0.024162]
[0.0361366]
[0.0493771]
[0.0629974]
[0.074597]
[0.0833554]
[0.0881978]
[0.089453]
[0.0877393]
[0.0831834]
[0.0743753]
[0.0612198]
[0.0454851]
[0.0305077]
[0.0182417]
[0.00976639]
[0.0044745]
[0.00157175]
[0.000320704]
[1.42259e-05]
[8.33121e-07]
[4.39825e-05]
[0.000253269]
[0.000924654]
[0.00262155]
[0.00574636]
[0.0111622]
[0.0195664]
[0.03128]
[0.0456707]
[0.0608169]
[0.0727647]
[0.079624]
[0.0817903]
[0.0813575]
[0.0805339]
[0.0806901]
[0.0803966]
[0.0766652]
[0.0661433]
[0.0505925]
[0.0343411]
[0.0205729]
[0.0104931]
[0.00456371]
[0.00163806]
[0.000319887]
[1.17108e-05]
[6.30342e-06]
[6.48734e-05]
[0.000364231]
[0.00119139]
[0.00306865]
[0.00652351]
[0.0129036]
[0.0227923]
[0.0366781]
[0.0527333]
[0.066689]
[0.0738774]
[0.0733608]
[0.0687197]
[0.0650493]
[0.065272]
[0.0685785]
[0.0731167]
[0.0734719]
[0.0654502]
[0.0506123]
[0.0343959]
[0.0203921]
[0.00993129]
[0.00386282]
[0.00121337]
[0.000218246]
[2.06551e-05]
[9.82453e-06]
[6.5455e-05]
[0.000356686]
[0.00112828]
[0.00284517]
[0.0064738]
[0.0135189]
[0.0246475]
[0.0401905]
[0.0562785]
[0.0672415]
[0.0684008]
[0.0615188]
[0.0541555]
[0.0521058]
[0.0554489]
[0.0619002]
[0.0690163]
[0.0703281]
[0.0621844]
[0.0471325]
[0.0316186]
[0.0186228]
[0.00891043]
[0.00305494]
[0.00076405]
[0.000145324]
[2.02464e-05]
[4.18132e-06]
[4.42654e-05]
[0.000290335]
[0.000850254]
[0.00235507]
[0.00623291]
[0.0139217]
[0.0264527]
[0.0430409]
[0.058526]
[0.0659956]
[0.0626782]
[0.0535705]
[0.048187]
[0.0501792]
[0.0565108]
[0.0645842]
[0.0713051]
[0.0697701]
[0.05856]
[0.0426413]
[0.0280332]
[0.0167501]
[0.00836057]
[0.00272698]
[0.000428633]
[8.9191e-05]
[6.3663e-06]
[2.56224e-06]
[2.3123e-05]
[0.000175993]
[0.00059139]
[0.00196598]
[0.00630982]
[0.0150869]
[0.0290631]
[0.0459531]
[0.0601359]
[0.0652983]
[0.0603585]
[0.0526596]
[0.0526199]
[0.0590925]
[0.0674232]
[0.0752154]
[0.0782105]
[0.0711879]
[0.0556325]
[0.0385357]
[0.0253236]
[0.0158353]
[0.00855255]
[0.00294419]
[0.000314228]
[4.91541e-05]
[7.19942e-06]
[5.03016e-07]
[8.91282e-06]
[8.5277e-05]
[0.000404771]
[0.00185847]
[0.00706442]
[0.0169684]
[0.0316464]
[0.0480805]
[0.0605838]
[0.0641379]
[0.0601573]
[0.0573326]
[0.0639583]
[0.0735864]
[0.0821999]
[0.086261]
[0.0841797]
[0.0722983]
[0.0536561]
[0.0365541]
[0.0247421]
[0.0160368]
[0.0091798]
[0.00347095]
[0.00040672]
[4.78808e-05]
[8.50412e-06]
[0]
[3.30104e-06]
[3.46452e-05]
[0.000285273]
[0.00193861]
[0.00816119]
[0.0188262]
[0.0333869]
[0.048575]
[0.0592413]
[0.0624282]
[0.0611851]
[0.0641482]
[0.0758967]
[0.0859196]
[0.0923144]
[0.090725]
[0.0849384]
[0.0710939]
[0.052652]
[0.0371795]
[0.0259097]
[0.0170032]
[0.00980979]
[0.00385858]
[0.000547737]
[4.90755e-05]
[1.27326e-06]
[0]
[0]
[2.35474e-05]
[0.000316083]
[0.00229561]
[0.0094505]
[0.0203234]
[0.0336837]
[0.04694]
[0.0562069]
[0.0599338]
[0.0618844]
[0.0690657]
[0.0812684]
[0.0894726]
[0.0918175]
[0.0871469]
[0.080347]
[0.0672872]
[0.0520629]
[0.0388516]
[0.027551]
[0.0179358]
[0.0099668]
[0.00389179]
[0.000698579]
[9.49286e-05]
[7.24658e-06]
[0]
[1.24182e-06]
[4.39668e-05]
[0.000427438]
[0.00293713]
[0.0107953]
[0.0212926]
[0.0328507]
[0.0437036]
[0.0512984]
[0.0551623]
[0.0586761]
[0.066358]
[0.0761608]
[0.0831942]
[0.084145]
[0.0800961]
[0.0735223]
[0.0633344]
[0.0517338]
[0.0399556]
[0.0281446]
[0.0178608]
[0.00946531]
[0.0036908]
[0.000820718]
[0.000124512]
[1.32828e-05]
[0]
[2.4522e-06]
[6.94162e-05]
[0.000638642]
[0.00388742]
[0.0119925]
[0.0219726]
[0.0317043]
[0.0400217]
[0.0458193]
[0.0492451]
[0.0529895]
[0.0587044]
[0.0668177]
[0.0740088]
[0.0762149]
[0.0743404]
[0.0694787]
[0.0617502]
[0.0519322]
[0.0398846]
[0.0274122]
[0.0166698]
[0.00846323]
[0.00333542]
[0.000876694]
[0.000134871]
[1.19466e-05]
[1.74484e-06]
[3.52111e-06]
[0.000113273]
[0.000996286]
[0.00496677]
[0.0133022]
[0.0229234]
[0.0318885]
[0.0386611]
[0.0434802]
[0.0471783]
[0.0503527]
[0.0545471]
[0.0622874]
[0.0700353]
[0.0743341]
[0.0740425]
[0.0699752]
[0.0624562]
[0.0515593]
[0.0381665]
[0.0253504]
[0.014971]
[0.00745351]
[0.00294005]
[0.000822919]
[0.000107001]
[7.32517e-06]
[0]
[6.33486e-06]
[0.000182029]
[0.00134466]
[0.00569356]
[0.0142522]
[0.0243473]
[0.0337507]
[0.0413332]
[0.0470567]
[0.0512402]
[0.0542459]
[0.0589329]
[0.0662417]
[0.0742249]
[0.0783331]
[0.0773671]
[0.0717523]
[0.0616862]
[0.0483398]
[0.0342289]
[0.0219816]
[0.0125084]
[0.0060275]
[0.0023342]
[0.00067717]
[0.000105508]
[3.58399e-06]
[0]
[6.05191e-06]
[0.000213625]
[0.00151472]
[0.00566247]
[0.0136412]
[0.0243645]
[0.0354814]
[0.0455458]
[0.0537096]
[0.0595566]
[0.0644503]
[0.0701456]
[0.0772181]
[0.0828951]
[0.0836686]
[0.0790072]
[0.069491]
[0.0561788]
[0.0411318]
[0.0273782]
[0.0166556]
[0.009016]
[0.00429173]
[0.00173874]
[0.000498426]
[6.88032e-05]
[7.85963e-07]
[5.03016e-07]
[4.66862e-06]
[0.000179797]
[0.00125908]
[0.00446021]
[0.0111892]
[0.021496]
[0.0339268]
[0.0465116]
[0.0577337]
[0.0666923]
[0.0741908]
[0.0809339]
[0.0863637]
[0.0877957]
[0.0834122]
[0.0736905]
[0.0600434]
[0.0447002]
[0.0304932]
[0.0190275]
[0.0107178]
[0.00554399]
[0.00272125]
[0.00107919]
[0.000283355]
[4.33851e-05]
[6.13052e-07]
[4.87297e-07]
[2.2007e-07]
[0.000112566]
[0.000764506]
[0.00266067]
[0.00720167]
[0.0153551]
[0.0265701]
[0.0400671]
[0.0533372]
[0.0653054]
[0.0746055]
[0.0809775]
[0.0832067]
[0.0804704]
[0.0716084]
[0.0587993]
[0.0441276]
[0.0301926]
[0.0190528]
[0.0110162]
[0.00588504]
[0.00300246]
[0.00138787]
[0.000526265]
[0.000133284]
[1.54049e-05]
[1.13179e-06]
[0]
[0]
[4.00684e-05]
[0.000312184]
[0.00119414]
[0.00331848]
[0.00792749]
[0.0156527]
[0.0263013]
[0.0384848]
[0.0505528]
[0.0604906]
[0.0659572]
[0.0659012]
[0.0604579]
[0.0504861]
[0.0383988]
[0.0268011]
[0.0169585]
[0.0100393]
[0.00555482]
[0.00282236]
[0.00138986]
[0.000627607]
[0.000204366]
[4.27249e-05]
[8.17401e-06]
[0]
[0]
[0]
[1.19152e-05]
[9.16747e-05]
[0.000367548]
[0.00108101]
[0.00274112]
[0.0058926]
[0.0108382]
[0.0174283]
[0.0245204]
[0.030503]
[0.0338259]
[0.0336958]
[0.030326]
[0.0246199]
[0.0184964]
[0.0128329]
[0.00802815]
[0.00482815]
[0.00264116]
[0.00131525]
[0.000615802]
[0.000266881]
[6.61938e-05]
[1.5232e-05]
[1.82343e-06]
[0]
[0]
[0]
[1.47761e-06]
[1.38015e-05]
[9.83239e-05]
[0.0003122]
[0.000862044]
[0.00197437]
[0.00385758]
[0.00623151]
[0.00890106]
[0.0109305]
[0.0119668]
[0.0118172]
[0.0106347]
[0.00900792]
[0.00719227]
[0.00531801]
[0.00352133]
[0.00210371]
[0.0011363]
[0.000551369]
[0.000250046]
[9.64691e-05]
[1.61122e-05]
[3.36392e-06]
[1.6348e-06]
[0]
[0]
[0]
[0]
[0]
[2.31387e-05]
[9.22091e-05]
[0.000332148]
[0.000756819]
[0.00142723]
[0.00214136]
[0.00306153]
[0.00394772]
[0.00436074]
[0.00425412]
[0.00375071]
[0.00307456]
[0.00249065]
[0.00181485]
[0.00118603]
[0.000719565]
[0.000371823]
[0.000158167]
[6.17452e-05]
[1.63952e-05]
[5.65893e-07]
[9.27436e-07]
[0]
[0]
[0]
[0]
[0]
[0]
[0]
[4.05557e-06]
[2.36575e-05]
[5.43729e-05]
[7.58611e-05]
[0.000117989]
[0.000199021]
[0.000273091]
[0.000339127]
[0.000368947]
[0.000447527]
[0.00039798]
[0.000322999]
[0.000224612]
[0.000144774]
[7.73073e-05]
[3.8968e-05]
[1.33299e-05]
[1.13807e-05]
[1.88631e-06]
[0]
[0]
[0]
[0]
------------------iteracion numero: 2
------------------
[0]
[0]
[0]
[0]
[0]
[0]
[0]
[0]
[0]
[0]
[0]
[0]
[-1.80116e-05]
[-6.49593e-05]
[-2.8399e-05]
[-1.18329e-06]
[0]
[0]
[0]
[0]
[0]
[0]
[0]
[0]
[0]
[0]
[0]
[0]
[0]
[0]
[0]
[0]
[-4.24375e-07]
[-1.90983e-06]
[-4.12409e-05]
[-9.29202e-05]
[-0.000178523]
[-0.000198023]
[-0.000334572]
[-0.000498991]
[-0.000540813]
[-0.000550446]
[-0.000640946]
[-0.000597783]
[-0.000560756]
[-0.000493907]
[-0.000231188]
[-6.21103e-05]
[-4.77976e-05]
[1.1882e-05]
[-1.06701e-05]
[-1.87428e-05]
[0]
[0]
[0]
[0]
[0]
[0]
[5.20269e-06]
[-2.4389e-08]
[-9.72773e-06]
[-2.81629e-06]
[-0.000163057]
[-0.00044421]
[-0.000682462]
[-0.000904585]
[-0.00150764]
[-0.00213546]
[-0.00285008]
[-0.00285746]
[-0.00294941]
[-0.00318659]
[-0.00271863]
[-0.00148469]
[-0.000644029]
[-0.000214307]
[-4.04727e-05]
[5.09976e-05]
[-0.000109292]
[-0.000100344]
[-1.01837e-05]
[-3.91499e-07]
[0]
[0]
[0]
[0]
[1.15644e-05]
[5.68723e-06]
[-2.33931e-05]
[-8.39882e-05]
[-0.000400307]
[-0.000704117]
[-0.00104389]
[-0.00202775]
[-0.00351323]
[-0.00505062]
[-0.00607954]
[-0.00604634]
[-0.00566196]
[-0.00383553]
[-0.00181422]
[-0.00166433]
[-0.00085828]
[-0.000544015]
[-9.46822e-05]
[-0.0003814]
[-0.000419182]
[-0.000304624]
[-0.00016918]
[-4.42655e-05]
[-7.71258e-06]
[0]
[0]
[5.56283e-07]
[-6.87857e-06]
[6.67336e-06]
[-0.000121917]
[-0.000255251]
[-0.000780905]
[-0.00128081]
[-0.00239173]
[-0.00373275]
[-0.00556139]
[-0.00838621]
[-0.0113825]
[-0.0120506]
[-0.010082]
[-0.00519406]
[0.000600768]
[0.00111255]
[0.00184725]
[-0.000386398]
[-0.00248386]
[-0.00279549]
[-0.00241755]
[-0.00151352]
[-0.000936297]
[-0.000239625]
[-4.35307e-05]
[0]
[0]
[0]
[-9.8367e-07]
[-0.000108794]
[-0.0002164]
[-0.000326691]
[-0.00152851]
[-0.00184418]
[-0.00140275]
[-0.000603743]
[0.00142469]
[0.00511752]
[0.00912404]
[0.0111613]
[0.015073]
[0.0197795]
[0.0266443]
[0.0316118]
[0.031545]
[0.0234583]
[0.0123363]
[0.00494968]
[0.000780904]
[-0.0011718]
[-0.00200083]
[-0.00108064]
[-0.000167741]
[-3.90385e-07]
[0]
[1.262e-07]
[-8.39211e-05]
[-0.000434861]
[-0.000797797]
[-0.00155062]
[-0.00260313]
[-0.00242902]
[0.00014929]
[0.00725323]
[0.0218693]
[0.0404201]
[0.0521092]
[0.0488923]
[0.0393125]
[0.0334904]
[0.0390507]
[0.0494585]
[0.0562547]
[0.054855]
[0.0416727]
[0.0249276]
[0.00951929]
[-3.01313e-05]
[-0.00321945]
[-0.00230176]
[-0.000657061]
[-4.86451e-05]
[0]
[-5.25636e-05]
[-0.000538404]
[-0.00150136]
[-0.00284415]
[-0.00450453]
[-0.00599805]
[-0.00490147]
[-0.000198535]
[0.0135417]
[0.0364385]
[0.062227]
[0.0679545]
[0.0478427]
[0.0167177]
[-0.00617279]
[-0.00346828]
[0.0164164]
[0.0453718]
[0.0634328]
[0.0615959]
[0.0410113]
[0.018599]
[0.00149229]
[-0.00471744]
[-0.00343865]
[-0.000827654]
[-5.77423e-05]
[-4.68353e-06]
[-0.000296585]
[-0.00184107]
[-0.00395121]
[-0.00668024]
[-0.00920854]
[-0.0112891]
[-0.0112547]
[-0.004378]
[0.0140793]
[0.0380864]
[0.0558184]
[0.0467359]
[0.00960313]
[-0.0410891]
[-0.0764974]
[-0.0738078]
[-0.0407802]
[0.00872662]
[0.051965]
[0.0645161]
[0.0475864]
[0.0253881]
[0.00410169]
[-0.00556762]
[-0.00484094]
[-0.00127827]
[-8.81544e-05]
[-6.79006e-05]
[-0.000482673]
[-0.00233521]
[-0.00544977]
[-0.0093691]
[-0.0129369]
[-0.0160911]
[-0.0161178]
[-0.0058121]
[0.0172354]
[0.0388967]
[0.0445941]
[0.0243406]
[-0.0273328]
[-0.0932716]
[-0.132715]
[-0.12207]
[-0.0751329]
[-0.0119635]
[0.0432314]
[0.0633671]
[0.0507711]
[0.0288681]
[0.00730718]
[-0.00331656]
[-0.00367481]
[-0.000727574]
[-6.66277e-05]
[-0.000102928]
[-0.000553699]
[-0.00231856]
[-0.00526784]
[-0.00897851]
[-0.0136697]
[-0.0159813]
[-0.0121528]
[0.00561417]
[0.0293289]
[0.0455055]
[0.0432998]
[0.0163436]
[-0.0431086]
[-0.118739]
[-0.15336]
[-0.126541]
[-0.0719522]
[-0.00522643]
[0.0482598]
[0.0668901]
[0.0538967]
[0.0324048]
[0.0120394]
[0.000363358]
[-0.00179539]
[-0.000440482]
[-6.20048e-05]
[-3.9982e-05]
[-0.000463466]
[-0.00194551]
[-0.0040449]
[-0.00694541]
[-0.0105742]
[-0.0110319]
[-0.00032845]
[0.0213048]
[0.0423622]
[0.0502709]
[0.0443666]
[0.0187778]
[-0.0464111]
[-0.130421]
[-0.148864]
[-0.099956]
[-0.0414959]
[0.013069]
[0.056815]
[0.0697413]
[0.0561008]
[0.0330615]
[0.0130652]
[0.00222892]
[-0.00110141]
[-0.000262643]
[-3.18406e-05]
[-2.29966e-05]
[-0.00026436]
[-0.00127643]
[-0.00271404]
[-0.00571972]
[-0.0088601]
[-0.00541542]
[0.00966911]
[0.0308909]
[0.0474105]
[0.0491706]
[0.0429258]
[0.0229687]
[-0.0513062]
[-0.135929]
[-0.132883]
[-0.0701285]
[-0.0180686]
[0.0253814]
[0.0595476]
[0.0687466]
[0.0544947]
[0.0326517]
[0.0127699]
[0.00205111]
[-0.000574089]
[-0.00015454]
[-3.4335e-05]
[-7.51537e-06]
[-8.973e-05]
[-0.000569569]
[-0.001896]
[-0.00442062]
[-0.0059849]
[0.000289648]
[0.0173017]
[0.0366346]
[0.0461819]
[0.0444961]
[0.0419819]
[0.0239964]
[-0.0660061]
[-0.136815]
[-0.119393]
[-0.0495006]
[-0.0107233]
[0.0251343]
[0.0583814]
[0.0663356]
[0.0527792]
[0.032374]
[0.0123065]
[0.000913526]
[-0.00109343]
[-0.000394604]
[-0.000107968]
[0]
[-3.71003e-05]
[-0.000228049]
[-0.00125192]
[-0.00269297]
[-0.0019447]
[0.0070096]
[0.0229995]
[0.0399231]
[0.0424951]
[0.0358171]
[0.0334621]
[0.0093293]
[-0.0900765]
[-0.143731]
[-0.116534]
[-0.0462331]
[-0.0192516]
[0.0183718]
[0.0526222]
[0.0637798]
[0.0535942]
[0.0311992]
[0.0119911]
[0.000937436]
[-0.000900443]
[-0.000251447]
[-8.99358e-06]
[0]
[0]
[-1.92703e-05]
[-0.00118728]
[-0.000431847]
[0.00440622]
[0.0161373]
[0.0317868]
[0.0437706]
[0.040508]
[0.0299347]
[0.0193504]
[-0.0224555]
[-0.116954]
[-0.160638]
[-0.119846]
[-0.0525188]
[-0.0239372]
[0.0211593]
[0.0538697]
[0.0641835]
[0.0541309]
[0.0313515]
[0.01166]
[0.000755812]
[-0.00103699]
[-0.000330262]
[-3.89296e-05]
[0]
[1.9199e-06]
[-3.42736e-05]
[-0.000684111]
[0.00227695]
[0.0116639]
[0.0252631]
[0.0442277]
[0.0562094]
[0.0477383]
[0.0299268]
[0.00431004]
[-0.0506262]
[-0.135492]
[-0.169551]
[-0.118737]
[-0.0553115]
[-0.0116576]
[0.032131]
[0.059924]
[0.0678665]
[0.0549149]
[0.029089]
[0.0084978]
[-0.000118107]
[-0.00130331]
[-0.000700929]
[-0.000130878]
[0]
[-7.61355e-07]
[-0.000117889]
[-4.97952e-05]
[0.00577954]
[0.0192086]
[0.0346213]
[0.0579531]
[0.0717186]
[0.0624943]
[0.0366094]
[-0.00536641]
[-0.0648311]
[-0.138854]
[-0.15758]
[-0.104272]
[-0.0376347]
[0.0147279]
[0.0506366]
[0.0685262]
[0.0681932]
[0.0507851]
[0.0247109]
[0.00736348]
[0.000152081]
[-0.000910785]
[-0.00057301]
[-0.000132551]
[-1.37848e-05]
[-2.11229e-05]
[-7.94741e-05]
[0.000595891]
[0.00957235]
[0.025786]
[0.0433028]
[0.0682875]
[0.0837811]
[0.0751885]
[0.040157]
[-0.0120784]
[-0.0729567]
[-0.127612]
[-0.129238]
[-0.0713051]
[-0.00316802]
[0.0431655]
[0.0676692]
[0.0744601]
[0.0647756]
[0.0412598]
[0.0195505]
[0.00648363]
[0.00116715]
[-0.000303649]
[-0.000383039]
[-9.47936e-05]
[0]
[-4.38807e-05]
[-7.95505e-05]
[0.00164269]
[0.0117729]
[0.0315544]
[0.0516851]
[0.074672]
[0.0887707]
[0.0799831]
[0.0425914]
[-0.0118368]
[-0.06512]
[-0.0986809]
[-0.0874867]
[-0.0318288]
[0.0281825]
[0.0614855]
[0.0743751]
[0.0703986]
[0.0519614]
[0.0302614]
[0.0144249]
[0.00623798]
[0.00169728]
[-0.000120622]
[-0.00028044]
[-4.10092e-05]
[0]
[-1.25041e-05]
[0.000168824]
[0.00213887]
[0.0119079]
[0.0313031]
[0.0546633]
[0.0763051]
[0.088737]
[0.0808561]
[0.0495665]
[0.00494787]
[-0.0344762]
[-0.056958]
[-0.0425507]
[0.000488654]
[0.0422116]
[0.0613319]
[0.062088]
[0.0509098]
[0.0326348]
[0.0182618]
[0.00966476]
[0.00491473]
[0.0014072]
[0.000257255]
[-6.29048e-05]
[-4.78107e-06]
[-3.61102e-06]
[-1.09667e-05]
[0.000236778]
[0.00235636]
[0.0099657]
[0.0252726]
[0.0469738]
[0.0699568]
[0.0801774]
[0.075533]
[0.0565111]
[0.0301997]
[0.00518262]
[-0.0122721]
[-0.00824539]
[0.0119189]
[0.0310254]
[0.0378614]
[0.0338289]
[0.0235107]
[0.0140835]
[0.00824785]
[0.00542672]
[0.00356091]
[0.00112474]
[0.000262128]
[2.72531e-05]
[5.01506e-06]
[-3.49818e-06]
[-1.36144e-06]
[2.46371e-05]
[0.00184104]
[0.0060295]
[0.0153323]
[0.0309384]
[0.0505155]
[0.0608705]
[0.0576459]
[0.0457436]
[0.0284485]
[0.0118884]
[-0.00213801]
[-0.00992217]
[-0.00702854]
[-0.000508616]
[0.00275033]
[0.00295832]
[0.00155655]
[0.0011545]
[0.00122496]
[0.00199705]
[0.00152928]
[0.000503869]
[0.000107861]
[3.77637e-05]
[9.25857e-06]
[0]
[0]
[-4.88669e-05]
[0.00050235]
[0.00167655]
[0.00425715]
[0.0101961]
[0.0197008]
[0.0289723]
[0.030895]
[0.0252573]
[0.0140821]
[-0.00157291]
[-0.0184279]
[-0.0310168]
[-0.0332276]
[-0.0267446]
[-0.0221493]
[-0.0162158]
[-0.0117355]
[-0.00680216]
[-0.00240853]
[-0.000593998]
[-0.000276289]
[-0.000231562]
[-9.43557e-05]
[-6.47458e-06]
[0]
[0]
[0]
[-3.95736e-05]
[-2.57549e-06]
[-0.000306479]
[-0.000942173]
[-0.00100832]
[0.000152531]
[0.00295782]
[0.00426148]
[0.00213941]
[-0.00152318]
[-0.0092885]
[-0.0184427]
[-0.0269523]
[-0.0316336]
[-0.0308045]
[-0.0273243]
[-0.0199232]
[-0.0129399]
[-0.00680544]
[-0.00333594]
[-0.00152348]
[-0.000765201]
[-0.000288872]
[-5.08511e-05]
[-9.08263e-06]
[0]
[0]
[0]
[-4.04842e-06]
[-7.85983e-05]
[-0.000486214]
[-0.00108208]
[-0.00212197]
[-0.00396008]
[-0.00618756]
[-0.00908339]
[-0.0130618]
[-0.0176032]
[-0.0222327]
[-0.0259362]
[-0.0270092]
[-0.0277481]
[-0.0250185]
[-0.0208507]
[-0.0140286]
[-0.00761241]
[-0.00378599]
[-0.00193702]
[-0.000883773]
[-0.000279263]
[-7.2088e-05]
[-1.4315e-06]
[-6.7562e-06]
[0]
[0]
[0]
[0]
[0]
[-0.00011914]
[-0.00034589]
[-0.00121293]
[-0.00252226]
[-0.00447727]
[-0.00623203]
[-0.00923592]
[-0.0124424]
[-0.015314]
[-0.0169424]
[-0.0169033]
[-0.015755]
[-0.0138563]
[-0.0110329]
[-0.0074901]
[-0.00418885]
[-0.00188958]
[-0.000897547]
[-0.000366666]
[-6.224e-05]
[-1.56489e-06]
[-4.53305e-06]
[0]
[0]
[0]
[0]
[0]
[0]
[0]
[-2.04261e-05]
[-0.000163297]
[-0.000362116]
[-0.00033672]
[-0.000507218]
[-0.00114016]
[-0.00164472]
[-0.00226459]
[-0.00265952]
[-0.00360311]
[-0.00344536]
[-0.00289906]
[-0.00229201]
[-0.00138265]
[-0.00068423]
[-0.000355289]
[-0.000138299]
[-0.000179659]
[-3.31424e-05]
[0]
[0]
[0]
[0]
------------------iteracion numero: 3
------------------
[0]
[0]
[0]
[0]
[0]
[0]
[0]
[0]
[0]
[0]
[0]
[0]
[4.93997e-05]
[0.000175633]
[7.50757e-05]
[3.12815e-06]
[0]
[0]
[0]
[0]
[0]
[0]
[0]
[0]
[0]
[0]
[0]
[0]
[0]
[0]
[0]
[0]
[1.78316e-06]
[7.63233e-06]
[0.000144675]
[0.000320431]
[0.000518869]
[0.000590878]
[0.00108927]
[0.00163931]
[0.00169424]
[0.00177556]
[0.00206293]
[0.0019227]
[0.00171106]
[0.00146841]
[0.000674717]
[0.000167416]
[9.04064e-05]
[-4.03475e-05]
[2.99055e-05]
[5.72663e-05]
[0]
[0]
[0]
[0]
[0]
[0]
[-8.11214e-06]
[4.37723e-06]
[2.53695e-05]
[3.06609e-06]
[0.000495284]
[0.00135754]
[0.0020452]
[0.00269296]
[0.00464588]
[0.00736674]
[0.0106105]
[0.0124398]
[0.0143084]
[0.0159768]
[0.0147213]
[0.00957842]
[0.00485672]
[0.00227186]
[0.000920123]
[0.000153406]
[0.000481196]
[0.000394682]
[2.49108e-05]
[-1.61293e-05]
[0]
[0]
[0]
[0]
[-1.76617e-05]
[1.46575e-06]
[0.00012966]
[0.000397643]
[0.00126354]
[0.00189914]
[0.00265458]
[0.00529107]
[0.0104619]
[0.0174609]
[0.0247612]
[0.0300848]
[0.0354829]
[0.0348937]
[0.0290616]
[0.0237311]
[0.0158803]
[0.0106513]
[0.0057634]
[0.00377573]
[0.00251413]
[0.00122825]
[0.000515063]
[0.000127671]
[4.74624e-06]
[0]
[0]
[-7.69961e-07]
[2.61567e-05]
[3.76408e-05]
[0.000438156]
[0.000822371]
[0.00233412]
[0.00337322]
[0.00722697]
[0.0135109]
[0.024431]
[0.0423332]
[0.0632703]
[0.076952]
[0.0813252]
[0.0758712]
[0.0663429]
[0.0605613]
[0.0495238]
[0.0443547]
[0.0351672]
[0.0240144]
[0.0145264]
[0.00734738]
[0.00353074]
[0.00078309]
[0.000131683]
[0]
[0]
[0]
[1.23714e-05]
[0.000339047]
[0.000658807]
[0.000676496]
[0.00329426]
[0.00404501]
[0.0057139]
[0.0129583]
[0.0252035]
[0.0421603]
[0.0550285]
[0.0620374]
[0.0541831]
[0.0413336]
[0.0309294]
[0.025858]
[0.0276769]
[0.0386511]
[0.0440087]
[0.0345839]
[0.0222061]
[0.0127227]
[0.00828404]
[0.00333752]
[0.000516802]
[2.75009e-06]
[0]
[-4.31577e-07]
[0.000207856]
[0.000970362]
[0.00157033]
[0.00286854]
[0.00349381]
[0.00264872]
[0.00183806]
[0.00358872]
[-0.00106319]
[-0.00934492]
[-0.0181385]
[-0.0195909]
[-0.027538]
[-0.0420487]
[-0.0559873]
[-0.0488227]
[-0.0244175]
[-0.00330988]
[0.0171213]
[0.0207338]
[0.0194816]
[0.0168594]
[0.0128988]
[0.00654426]
[0.00171495]
[9.90095e-05]
[0]
[0.000130613]
[0.00137549]
[0.00335149]
[0.00535331]
[0.00627038]
[0.0048361]
[0.0023553]
[0.00373059]
[-0.000832624]
[-0.0177058]
[-0.0493761]
[-0.0687839]
[-0.067832]
[-0.0599519]
[-0.0630229]
[-0.0752745]
[-0.0695339]
[-0.0588295]
[-0.0375402]
[-0.0148566]
[0.00813748]
[0.0154701]
[0.0174469]
[0.0159016]
[0.00867223]
[0.00196546]
[0.000140195]
[1.04747e-05]
[0.000787066]
[0.00482505]
[0.00923018]
[0.013591]
[0.0137007]
[0.0140058]
[0.0205501]
[0.0256236]
[0.0155217]
[-0.00721668]
[-0.0390312]
[-0.0497475]
[-0.0349684]
[-0.00655672]
[0.00341126]
[-0.0147581]
[-0.0316032]
[-0.0412967]
[-0.0393734]
[-0.0141507]
[0.013458]
[0.018626]
[0.0192415]
[0.017535]
[0.010976]
[0.00294037]
[0.000221685]
[0.000169907]
[0.00127551]
[0.00599151]
[0.0129072]
[0.0202176]
[0.0245284]
[0.0350521]
[0.0517963]
[0.0562538]
[0.0386621]
[0.00819685]
[-0.0164405]
[-0.0207406]
[0.0152397]
[0.0681147]
[0.0835922]
[0.0439816]
[-0.00896026]
[-0.0385947]
[-0.0373187]
[-0.00423373]
[0.0287648]
[0.0342296]
[0.0273011]
[0.0156172]
[0.00786465]
[0.00152734]
[0.000140699]
[0.000265736]
[0.00151979]
[0.0061615]
[0.013063]
[0.0218243]
[0.0359011]
[0.0551672]
[0.0746924]
[0.0693108]
[0.045031]
[0.00945734]
[-0.0146901]
[-0.0136493]
[0.0314946]
[0.105111]
[0.107636]
[0.0302399]
[-0.0382346]
[-0.069088]
[-0.0514572]
[-0.00290614]
[0.0416577]
[0.0499381]
[0.0351799]
[0.0142652]
[0.00426278]
[0.000907541]
[0.000130091]
[9.98053e-05]
[0.00129426]
[0.00541738]
[0.0110499]
[0.0196712]
[0.0403591]
[0.068554]
[0.0836321]
[0.0736029]
[0.0432915]
[0.00878077]
[-0.0246723]
[-0.0358252]
[0.0175008]
[0.110058]
[0.0833141]
[-0.0373119]
[-0.0974464]
[-0.0945449]
[-0.0562027]
[0.0028492]
[0.0527587]
[0.0665115]
[0.0495791]
[0.0176152]
[0.00333607]
[0.000660064]
[5.10448e-05]
[5.33797e-05]
[0.000769097]
[0.00368821]
[0.00811014]
[0.0198233]
[0.0500042]
[0.0832074]
[0.0980145]
[0.0845032]
[0.0459632]
[0.003772]
[-0.0438496]
[-0.0759457]
[-0.0119273]
[0.0883055]
[0.0252184]
[-0.0992178]
[-0.111694]
[-0.0767911]
[-0.0329548]
[0.0200438]
[0.0658475]
[0.0776166]
[0.0611454]
[0.0240493]
[0.00236637]
[0.000456591]
[5.28393e-05]
[1.34212e-05]
[0.000272594]
[0.00174841]
[0.0061128]
[0.0203055]
[0.05875]
[0.0981371]
[0.113207]
[0.0925448]
[0.0465651]
[-0.011309]
[-0.0834616]
[-0.130431]
[-0.0403588]
[0.0433846]
[-0.0332327]
[-0.126291]
[-0.0797153]
[-0.0252684]
[0.00256434]
[0.0413492]
[0.0760329]
[0.0812221]
[0.065215]
[0.0297933]
[0.00405453]
[0.000977736]
[0.000287699]
[0]
[0.000111913]
[0.000731362]
[0.00450101]
[0.0199752]
[0.0658211]
[0.107826]
[0.125757]
[0.0946351]
[0.0416939]
[-0.0270121]
[-0.110676]
[-0.155053]
[-0.0449265]
[0.0162943]
[-0.0568396]
[-0.107819]
[-0.0249155]
[0.0207417]
[0.0380965]
[0.0583087]
[0.0763072]
[0.081747]
[0.0630788]
[0.0296504]
[0.00391503]
[0.000575884]
[1.81047e-05]
[0]
[0]
[0.000133023]
[0.0047557]
[0.0199485]
[0.0679968]
[0.109216]
[0.124294]
[0.0930796]
[0.0353401]
[-0.0377727]
[-0.110467]
[-0.122249]
[-0.0118583]
[0.0385268]
[-0.0420108]
[-0.0708506]
[0.00488697]
[0.0289148]
[0.0479315]
[0.0640161]
[0.0726755]
[0.0728544]
[0.0544798]
[0.0254132]
[0.00371102]
[0.000597398]
[8.2728e-05]
[0]
[-3.33459e-06]
[0.000234317]
[0.00408588]
[0.0194983]
[0.0661193]
[0.105249]
[0.108066]
[0.0689055]
[0.0142644]
[-0.0470507]
[-0.0872167]
[-0.0671499]
[0.0356896]
[0.0682651]
[-0.0161747]
[-0.0402144]
[-0.00440249]
[0.025401]
[0.0514536]
[0.0623442]
[0.0624711]
[0.063091]
[0.0464629]
[0.0196077]
[0.00338171]
[0.00154912]
[0.000352061]
[0]
[-3.08879e-06]
[0.000562639]
[0.00345462]
[0.0185769]
[0.0592231]
[0.0933842]
[0.0799616]
[0.031812]
[-0.0219314]
[-0.0648521]
[-0.0699081]
[-0.0321439]
[0.0562788]
[0.0653244]
[-0.00668204]
[-0.0396787]
[-0.0192877]
[0.0230685]
[0.0566471]
[0.0649081]
[0.0557364]
[0.0497484]
[0.0299688]
[0.0101523]
[0.00140039]
[0.00107077]
[0.000344867]
[2.24967e-05]
[5.492e-05]
[0.00060072]
[0.00372902]
[0.0154402]
[0.0482919]
[0.073409]
[0.0530881]
[-0.00207628]
[-0.0562542]
[-0.0759587]
[-0.0572887]
[-0.00769736]
[0.0460916]
[0.0383129]
[-0.0245623]
[-0.0515396]
[-0.0167421]
[0.0313824]
[0.0575344]
[0.0547983]
[0.0449989]
[0.0306511]
[0.0126184]
[0.000990313]
[-0.000609124]
[0.00072471]
[0.00025181]
[0]
[0.000120023]
[0.000781645]
[0.00266478]
[0.0115514]
[0.0298727]
[0.0473043]
[0.0325992]
[-0.011884]
[-0.0569916]
[-0.0676848]
[-0.0401822]
[-0.00127468]
[0.0219699]
[0.00889011]
[-0.0324407]
[-0.0380857]
[0.00718984]
[0.0437574]
[0.0500892]
[0.0427462]
[0.0288239]
[0.0106782]
[-0.00265542]
[-0.00489894]
[-0.00106743]
[0.000498183]
[0.000101793]
[0]
[4.44597e-05]
[0.000131156]
[0.00146635]
[0.00600371]
[0.0140708]
[0.0223197]
[0.0190838]
[-0.00324953]
[-0.0294445]
[-0.0398021]
[-0.0269861]
[-0.0109621]
[0.00565107]
[0.00109212]
[-0.0102774]
[0.00378131]
[0.0386349]
[0.0542661]
[0.044637]
[0.031407]
[0.0112865]
[-0.00467657]
[-0.00989312]
[-0.00597718]
[-0.00200164]
[-0.000129858]
[1.26975e-05]
[9.35752e-07]
[3.69518e-05]
[-0.000187116]
[-0.000951875]
[-0.000671425]
[0.00289546]
[0.006409]
[0.00524958]
[0.00675939]
[0.00132083]
[-0.0110982]
[-0.027163]
[-0.0316041]
[-0.0164492]
[0.00262316]
[0.0252527]
[0.0489011]
[0.0650512]
[0.0584254]
[0.0412113]
[0.0193013]
[0.000407598]
[-0.00973658]
[-0.0100138]
[-0.0046962]
[-0.00133711]
[-0.000173557]
[-2.98412e-06]
[9.0651e-07]
[1.0105e-06]
[0.000167452]
[-0.00195653]
[-0.0033121]
[-0.00317816]
[-0.00352635]
[-0.00855839]
[-0.00237724]
[0.00742459]
[0.00360226]
[-0.0099433]
[-0.0210421]
[-0.00796662]
[0.0256118]
[0.0558934]
[0.0720113]
[0.073146]
[0.0572986]
[0.0367866]
[0.0140161]
[0.00154441]
[-0.00481751]
[-0.00449415]
[-0.00178691]
[-0.000365409]
[-0.000138055]
[-5.50914e-06]
[0]
[0]
[0.000188137]
[-0.000536449]
[-0.000906348]
[-0.000530271]
[-0.00137906]
[-0.00619753]
[-0.0134503]
[-0.0156872]
[-0.019673]
[-0.0227694]
[-0.0157378]
[0.00519158]
[0.0343267]
[0.0563573]
[0.0620698]
[0.0650917]
[0.0520583]
[0.0374039]
[0.0211948]
[0.00780692]
[0.00208682]
[0.000697857]
[0.000507245]
[0.000222974]
[-4.16691e-05]
[0]
[0]
[0]
[0.000138033]
[0.0001017]
[0.0012881]
[0.00367638]
[0.00399594]
[-4.21071e-05]
[-0.0123751]
[-0.0282027]
[-0.0420614]
[-0.0518604]
[-0.0474315]
[-0.0312449]
[-0.00449159]
[0.0263972]
[0.0452239]
[0.0542355]
[0.0458894]
[0.0325214]
[0.0183667]
[0.00951715]
[0.00460328]
[0.00223767]
[0.000792247]
[9.6232e-05]
[1.54789e-05]
[0]
[0]
[0]
[1.48632e-05]
[0.000221233]
[0.0012058]
[0.00246661]
[0.00398441]
[0.00540405]
[0.00387116]
[-0.000336914]
[-0.00503363]
[-0.00567646]
[0.000373134]
[0.0116818]
[0.0242489]
[0.0381997]
[0.0435923]
[0.0436032]
[0.032233]
[0.0179861]
[0.00949268]
[0.00519013]
[0.00239436]
[0.000840678]
[0.000211801]
[-7.23439e-06]
[1.23108e-05]
[0]
[0]
[0]
[0]
[0]
[0.000239059]
[0.000667929]
[0.00230075]
[0.00415859]
[0.00645973]
[0.007217]
[0.00971596]
[0.0127049]
[0.0183348]
[0.0242944]
[0.0288659]
[0.030827]
[0.0297165]
[0.0255616]
[0.0183195]
[0.010338]
[0.00473401]
[0.002363]
[0.000969858]
[0.000142693]
[5.74081e-06]
[9.40891e-06]
[0]
[0]
[0]
[0]
[0]
[0]
[0]
[4.00721e-05]
[0.000373253]
[0.000819054]
[0.000683272]
[0.000993696]
[0.00226605]
[0.0033074]
[0.00507795]
[0.00622476]
[0.00883269]
[0.00879819]
[0.00762853]
[0.00609974]
[0.00365488]
[0.00182858]
[0.000957973]
[0.000383004]
[0.000531309]
[0.000100165]
[0]
[0]
[0]
[0]
------------------iteracion numero: 4
------------------
[0]
[0]
[0]
[0]
[0]
[0]
[0]
[0]
[0]
[0]
[0]
[0]
[9.45773e-05]
[0.000328504]
[0.000135109]
[5.62953e-06]
[0]
[0]
[0]
[0]
[0]
[0]
[0]
[0]
[0]
[0]
[0]
[0]
[0]
[0]
[0]
[0]
[7.24459e-07]
[4.9957e-06]
[0.000191906]
[0.000412368]
[0.000585742]
[0.000620647]
[0.00115866]
[0.00216479]
[0.00258116]
[0.00267332]
[0.00296092]
[0.00299357]
[0.00284733]
[0.00257893]
[0.0012363]
[0.000318593]
[0.000153892]
[-0.000117779]
[2.95056e-05]
[0.000104502]
[0]
[0]
[0]
[0]
[0]
[0]
[-1.59612e-05]
[6.08123e-06]
[3.24483e-05]
[1.57258e-06]
[0.000591032]
[0.00159267]
[0.0018176]
[0.00141353]
[0.00360698]
[0.00732802]
[0.012208]
[0.0150412]
[0.019052]
[0.0250432]
[0.0255904]
[0.0176095]
[0.00957359]
[0.00507371]
[0.00194712]
[0.000141487]
[0.000714292]
[0.000751796]
[9.79697e-05]
[-8.82991e-06]
[0]
[0]
[0]
[0]
[-3.40852e-05]
[-1.01167e-05]
[0.000232728]
[0.000506787]
[0.00141679]
[0.00128236]
[-0.000312459]
[0.000246422]
[0.00512414]
[0.0135502]
[0.0245984]
[0.0332889]
[0.0466426]
[0.0541075]
[0.0517919]
[0.0470721]
[0.0334319]
[0.0229485]
[0.0121981]
[0.00725134]
[0.0043275]
[0.00217403]
[0.000987822]
[0.000265421]
[1.63613e-05]
[0]
[0]
[3.21472e-06]
[5.90595e-05]
[4.59634e-05]
[0.000468577]
[0.000424905]
[0.00137876]
[-0.00137184]
[-0.00300714]
[-0.00357054]
[0.00256245]
[0.021541]
[0.0480029]
[0.0641396]
[0.0750875]
[0.0827849]
[0.0928962]
[0.10196]
[0.0934484]
[0.0879488]
[0.0719947]
[0.0502581]
[0.0307766]
[0.0161772]
[0.00763644]
[0.00190316]
[0.000378879]
[0]
[0]
[0]
[3.67553e-05]
[0.000607463]
[-2.50513e-05]
[-0.00320367]
[-0.00392011]
[-0.0130457]
[-0.0261062]
[-0.0343971]
[-0.0296045]
[-0.0042272]
[0.022184]
[0.0439695]
[0.0441625]
[0.0501619]
[0.0683093]
[0.092506]
[0.112863]
[0.127611]
[0.122964]
[0.0926531]
[0.0582612]
[0.0343635]
[0.0211515]
[0.00822253]
[0.00128821]
[6.93153e-06]
[0]
[-1.02843e-06]
[0.000331912]
[0.00122265]
[-0.00063356]
[-0.00437779]
[-0.0129236]
[-0.0307657]
[-0.0553401]
[-0.0740109]
[-0.0828215]
[-0.0687293]
[-0.0437246]
[-0.0128205]
[-0.0107689]
[-0.0234246]
[-0.0207187]
[0.0284465]
[0.0872837]
[0.108918]
[0.109563]
[0.0821428]
[0.0603366]
[0.0462392]
[0.034054]
[0.0160096]
[0.00400977]
[0.000243898]
[0]
[0.000245594]
[0.00212223]
[0.00413918]
[0.00269015]
[-0.00433831]
[-0.0233937]
[-0.053006]
[-0.0802366]
[-0.0993373]
[-0.0948981]
[-0.079083]
[-0.0474614]
[-0.0254332]
[-0.0402452]
[-0.0772194]
[-0.0839744]
[-0.0180394]
[0.043277]
[0.0722847]
[0.0599789]
[0.0492642]
[0.0388859]
[0.0409691]
[0.0378931]
[0.0197852]
[0.00457531]
[0.000318952]
[2.23172e-05]
[0.00116909]
[0.00698809]
[0.0114695]
[0.0113478]
[-0.00269054]
[-0.0274841]
[-0.0562638]
[-0.0846161]
[-0.0963132]
[-0.0621878]
[-0.0185519]
[0.019075]
[0.00574156]
[-0.0429582]
[-0.0984529]
[-0.107296]
[-0.0369642]
[0.0431184]
[0.0609936]
[0.0443736]
[0.0266961]
[0.0118344]
[0.0246875]
[0.0353861]
[0.0231731]
[0.00592772]
[0.000450043]
[0.000305731]
[0.00190125]
[0.00799554]
[0.0151293]
[0.0174665]
[0.00335556]
[-0.0205707]
[-0.0492792]
[-0.0815143]
[-0.0784995]
[-0.0222604]
[0.0364086]
[0.0421461]
[0.00364249]
[-0.0432276]
[-0.0864351]
[-0.0906271]
[-0.0298585]
[0.0489256]
[0.064672]
[0.0423708]
[0.0129718]
[-0.00264353]
[0.0132116]
[0.0237716]
[0.0163103]
[0.00329591]
[0.00040201]
[0.000465401]
[0.00217867]
[0.00793882]
[0.0144606]
[0.0167554]
[0.0109325]
[-0.0163652]
[-0.0541636]
[-0.0935521]
[-0.0666361]
[0.00520434]
[0.0523322]
[0.0226874]
[-0.0326942]
[-0.0377121]
[-0.0640074]
[-0.0856245]
[-0.0195574]
[0.0429907]
[0.0480073]
[0.0174949]
[-0.00481727]
[-0.0141454]
[0.000252134]
[0.0111093]
[0.00943261]
[0.0021847]
[0.000396599]
[0.000167186]
[0.00196758]
[0.00709133]
[0.0119235]
[0.0129131]
[0.00798763]
[-0.018816]
[-0.0722235]
[-0.0962497]
[-0.0422915]
[0.0457057]
[0.0573318]
[-0.014731]
[-0.0579455]
[-0.00210522]
[-0.0347695]
[-0.0932134]
[-0.0229309]
[0.0373601]
[0.0183839]
[-0.0150935]
[-0.0260342]
[-0.0155717]
[0.00207776]
[0.00641607]
[0.00625086]
[0.00155012]
[9.46125e-05]
[8.9031e-05]
[0.00116403]
[0.00487959]
[0.00874576]
[0.0138185]
[0.0138085]
[-0.0182189]
[-0.0686433]
[-0.0689795]
[0.000264348]
[0.080099]
[0.0585847]
[-0.0425794]
[-0.051207]
[0.0500507]
[-0.0193121]
[-0.0789066]
[0.0148464]
[0.0446822]
[-0.00245673]
[-0.0399831]
[-0.0344286]
[-0.0165204]
[0.00377059]
[0.006222]
[0.00271494]
[0.00104357]
[0.000118933]
[1.89686e-05]
[0.000416786]
[0.00219937]
[0.00667724]
[0.0139806]
[0.0142]
[-0.0154128]
[-0.0522577]
[-0.0389845]
[0.0371304]
[0.0896316]
[0.0281088]
[-0.0801936]
[-0.0217948]
[0.074457]
[-0.0127706]
[-0.0485841]
[0.0623309]
[0.0681772]
[-0.00922864]
[-0.0436995]
[-0.0342502]
[-0.0231454]
[-0.00319811]
[0.0063425]
[0.00370163]
[0.00174777]
[0.000536423]
[0]
[0.00017028]
[0.000914085]
[0.00497168]
[0.0112836]
[0.011868]
[-0.013688]
[-0.0312843]
[-0.0159889]
[0.0539917]
[0.0804428]
[0.00123312]
[-0.0917869]
[0.0141725]
[0.0810692]
[-0.00892111]
[-0.0135372]
[0.107557]
[0.0845785]
[0.0055931]
[-0.0347102]
[-0.0445909]
[-0.0305077]
[-0.0136127]
[0.00108378]
[0.00175633]
[0.000951685]
[3.05286e-05]
[0]
[0]
[0.000225093]
[0.00600504]
[0.00806145]
[0.00462971]
[-0.0151141]
[-0.0198989]
[0.00436865]
[0.0542701]
[0.0556048]
[-0.013894]
[-0.0593747]
[0.0427236]
[0.0918126]
[-0.00981475]
[0.0109788]
[0.113081]
[0.0577598]
[0.000405167]
[-0.0351574]
[-0.0595211]
[-0.0500138]
[-0.0257226]
[-0.00460567]
[0.000412552]
[0.000904389]
[0.000148329]
[0]
[-7.79746e-08]
[0.000625616]
[0.00548593]
[0.00529046]
[2.79121e-05]
[-0.00855495]
[-0.0172064]
[-0.00407846]
[0.0327492]
[0.0299614]
[-0.00983976]
[-0.0289585]
[0.0564383]
[0.0893992]
[0.00666532]
[0.0361646]
[0.0653996]
[0.0303256]
[-0.00217156]
[-0.0482274]
[-0.0812877]
[-0.0584439]
[-0.024667]
[-0.00636196]
[0.000336767]
[0.0026816]
[0.000676855]
[0]
[7.63889e-06]
[0.001302]
[0.00564496]
[0.00404952]
[-7.22083e-05]
[0.00188272]
[-0.0176421]
[-0.0222133]
[-0.00257528]
[-0.000660063]
[-0.0147979]
[-0.0257088]
[0.0434354]
[0.0609982]
[0.021777]
[0.0225231]
[0.0184666]
[0.00951728]
[-0.00872886]
[-0.0569537]
[-0.0895123]
[-0.0603559]
[-0.0290991]
[-0.0094983]
[-0.000912325]
[0.00185969]
[0.000645417]
[5.30779e-05]
[0.000110675]
[0.00174133]
[0.00792575]
[0.00433236]
[0.00348998]
[0.00819708]
[-0.012817]
[-0.0355114]
[-0.0381235]
[-0.0273662]
[-0.0300267]
[-0.0273925]
[0.0026089]
[0.0153965]
[-0.00976918]
[-0.0179027]
[-0.00326512]
[-0.00308376]
[-0.0342382]
[-0.0833892]
[-0.0882267]
[-0.0608861]
[-0.0315768]
[-0.0128909]
[-0.00250274]
[0.00131841]
[0.000450981]
[0]
[0.000249046]
[0.00260348]
[0.0087428]
[0.00767338]
[7.52657e-05]
[0.00582072]
[-0.00367592]
[-0.0240328]
[-0.037731]
[-0.0417476]
[-0.0444827]
[-0.0466195]
[-0.0411126]
[-0.0235963]
[-0.0335411]
[-0.03014]
[-0.00496908]
[-0.023242]
[-0.0733034]
[-0.0961228]
[-0.0830979]
[-0.0574413]
[-0.0331446]
[-0.01421]
[-0.00188318]
[0.00100825]
[0.000174313]
[0]
[0.000115271]
[0.00171005]
[0.00972232]
[0.0110686]
[0.00500546]
[0.00527599]
[0.0140156]
[0.0121687]
[0.000742836]
[-0.024222]
[-0.0501758]
[-0.0691589]
[-0.0520876]
[-0.0282]
[-0.0220727]
[-0.0126538]
[-0.00991469]
[-0.0479863]
[-0.0883988]
[-0.0872276]
[-0.0723808]
[-0.0519935]
[-0.0308485]
[-0.0127198]
[-0.00343548]
[-0.000260527]
[2.95279e-05]
[-2.81935e-06]
[9.41593e-05]
[0.000866278]
[0.00567119]
[0.00887003]
[0.0125435]
[0.0205215]
[0.031624]
[0.0573215]
[0.060949]
[0.0263443]
[-0.0357303]
[-0.0752043]
[-0.0615868]
[-0.0305119]
[-0.00164233]
[0.00436995]
[-0.0145582]
[-0.0507885]
[-0.0666539]
[-0.0637973]
[-0.0522701]
[-0.0390294]
[-0.0243884]
[-0.00935626]
[-0.00220052]
[-0.000224221]
[-2.72039e-06]
[-2.73124e-06]
[1.09785e-06]
[0.00103793]
[0.0014685]
[0.00579484]
[0.014754]
[0.0290441]
[0.0430148]
[0.0770532]
[0.106372]
[0.0945086]
[0.0503043]
[0.00233848]
[-0.0105844]
[0.00967482]
[0.0240905]
[0.0164683]
[0.000857307]
[-0.0200199]
[-0.0281383]
[-0.0312309]
[-0.024558]
[-0.0194848]
[-0.0113962]
[-0.00356159]
[-0.000452365]
[-0.00018711]
[-5.02226e-06]
[0]
[0]
[0.000643316]
[0.00132092]
[0.00637611]
[0.0182088]
[0.0366793]
[0.0573204]
[0.0753174]
[0.0963166]
[0.098906]
[0.0824944]
[0.0610909]
[0.0425608]
[0.0300002]
[0.0246944]
[0.016442]
[0.0236546]
[0.0171924]
[0.0147351]
[0.00730035]
[-0.000897351]
[-0.00289331]
[-0.00107934]
[0.000411422]
[0.000449032]
[-5.13326e-05]
[0]
[0]
[0]
[0.000349259]
[0.000959299]
[0.00528414]
[0.0150113]
[0.0265311]
[0.0378661]
[0.041914]
[0.045245]
[0.0472306]
[0.037579]
[0.0273913]
[0.00966027]
[0.0057602]
[0.0220511]
[0.0377053]
[0.051123]
[0.0435183]
[0.0295981]
[0.015507]
[0.0079493]
[0.00410812]
[0.00222594]
[0.00115151]
[0.000184229]
[4.25235e-05]
[0]
[0]
[0]
[3.56827e-05]
[0.000497891]
[0.00280994]
[0.00591868]
[0.0109799]
[0.0186709]
[0.0250887]
[0.0288004]
[0.0316923]
[0.0337548]
[0.0366291]
[0.0388216]
[0.0431371]
[0.053995]
[0.0560597]
[0.0546467]
[0.0381411]
[0.0178307]
[0.00808689]
[0.00507064]
[0.00229447]
[0.000746747]
[0.000260812]
[1.8869e-06]
[3.9707e-05]
[0]
[0]
[0]
[0]
[0]
[0.000534537]
[0.0014099]
[0.00449437]
[0.00832679]
[0.0138354]
[0.0172719]
[0.0239964]
[0.0299303]
[0.0368692]
[0.040568]
[0.0428037]
[0.0430709]
[0.0402373]
[0.0341667]
[0.0236118]
[0.0119402]
[0.00486219]
[0.00293326]
[0.00121147]
[0.000195456]
[3.65282e-06]
[1.88501e-05]
[0]
[0]
[0]
[0]
[0]
[0]
[0]
[4.30595e-05]
[0.000537927]
[0.00121165]
[0.000786219]
[0.0012084]
[0.00336665]
[0.00496671]
[0.00751779]
[0.00892105]
[0.0126338]
[0.0124077]
[0.0103354]
[0.00849906]
[0.00494606]
[0.00233995]
[0.0012539]
[0.000533733]
[0.000821772]
[0.000154213]
[0]
[0]
[0]
[0]
------------------iteracion numero: 5
------------------
[0]
[0]
[0]
[0]
[0]
[0]
[0]
[0]
[0]
[0]
[0]
[0]
[0.000127768]
[0.000404457]
[0.000138754]
[5.78143e-06]
[0]
[0]
[0]
[0]
[0]
[0]
[0]
[0]
[0]
[0]
[0]
[0]
[0]
[0]
[0]
[0]
[2.23661e-07]
[4.97484e-06]
[0.000285809]
[0.000639583]
[0.000991822]
[0.00117072]
[0.00212208]
[0.00354392]
[0.00381837]
[0.00359403]
[0.00381869]
[0.0036434]
[0.00341098]
[0.0029801]
[0.00141413]
[0.000348497]
[0.000171282]
[-0.000145303]
[4.3976e-05]
[0.000144397]
[0]
[0]
[0]
[0]
[0]
[0]
[-1.35791e-05]
[4.81744e-06]
[5.63319e-05]
[5.7898e-05]
[0.00110007]
[0.0028876]
[0.0042563]
[0.00554725]
[0.0100659]
[0.0168098]
[0.0237679]
[0.0264087]
[0.0291259]
[0.033267]
[0.0320481]
[0.0224638]
[0.0129107]
[0.00726862]
[0.00291472]
[0.000151268]
[0.000710085]
[0.000869435]
[0.000164555]
[2.88437e-05]
[0]
[0]
[0]
[0]
[-3.06289e-05]
[-2.73615e-05]
[0.000314555]
[0.00106471]
[0.0031629]
[0.00508176]
[0.00726238]
[0.0137652]
[0.0249612]
[0.039138]
[0.0502968]
[0.0542732]
[0.0609809]
[0.0603704]
[0.0504362]
[0.0425277]
[0.0271703]
[0.0171753]
[0.00718106]
[0.00392856]
[0.00267239]
[0.00155658]
[0.000819781]
[0.000320187]
[1.39574e-05]
[0]
[0]
[3.73246e-08]
[5.80388e-05]
[6.68951e-05]
[0.000900149]
[0.00261009]
[0.00720684]
[0.0104904]
[0.0185534]
[0.0296707]
[0.0468802]
[0.070927]
[0.0917362]
[0.0880544]
[0.0680961]
[0.0429918]
[0.0277136]
[0.0193297]
[0.00587688]
[0.00950601]
[0.0153652]
[0.0165129]
[0.0131237]
[0.00849531]
[0.00516562]
[0.00145793]
[0.000362673]
[0]
[0]
[0]
[3.74613e-05]
[0.000896709]
[0.00187193]
[0.00347164]
[0.0129057]
[0.0180859]
[0.0247472]
[0.0407247]
[0.0654188]
[0.100514]
[0.113282]
[0.0998643]
[0.0546067]
[0.0177621]
[-0.00946017]
[-0.0342098]
[-0.052745]
[-0.0432495]
[-0.0187597]
[-0.00201338]
[0.00341173]
[0.00698921]
[0.0104506]
[0.00615947]
[0.000980133]
[4.21512e-06]
[0]
[-1.72376e-06]
[0.00041979]
[0.00253357]
[0.0045691]
[0.0115129]
[0.0222702]
[0.032429]
[0.0438213]
[0.0660021]
[0.0853691]
[0.100225]
[0.0964537]
[0.0854654]
[0.0526899]
[0.0128526]
[-0.0231622]
[-0.0407413]
[-0.0626537]
[-0.0899885]
[-0.081405]
[-0.0619368]
[-0.0267778]
[0.00347177]
[0.0171027]
[0.0119333]
[0.00351338]
[0.000219146]
[0]
[0.000286115]
[0.00262439]
[0.00696893]
[0.0128309]
[0.0230702]
[0.0314858]
[0.0424655]
[0.0674483]
[0.0960031]
[0.117897]
[0.106728]
[0.087024]
[0.0667227]
[0.0395184]
[0.00918186]
[-0.00260578]
[0.0106927]
[-0.0261531]
[-0.0867828]
[-0.127272]
[-0.107713]
[-0.0617895]
[-0.0084502]
[0.0209717]
[0.0157957]
[0.00400023]
[0.0003686]
[2.58326e-05]
[0.00126791]
[0.00797801]
[0.015684]
[0.0250188]
[0.0283939]
[0.0356044]
[0.0545114]
[0.0821238]
[0.101266]
[0.116832]
[0.09146]
[0.0599055]
[0.0136529]
[-0.0262803]
[-0.0429818]
[-0.0172901]
[0.0368269]
[0.0351239]
[-0.04171]
[-0.10231]
[-0.108798]
[-0.0822376]
[-0.0198516]
[0.0236075]
[0.021813]
[0.00579478]
[0.000508677]
[0.000334327]
[0.00202176]
[0.00874147]
[0.0185292]
[0.0275801]
[0.0280383]
[0.0361121]
[0.0534928]
[0.0648104]
[0.065172]
[0.0567892]
[0.0262931]
[-0.023253]
[-0.067466]
[-0.0890835]
[-0.0825717]
[-0.0265661]
[0.0446482]
[0.0642302]
[0.00247754]
[-0.0593999]
[-0.0855705]
[-0.07433]
[-0.0204902]
[0.0168127]
[0.0166338]
[0.00352994]
[0.000516459]
[0.000503607]
[0.00227046]
[0.00833759]
[0.0162244]
[0.0218958]
[0.0288102]
[0.0303331]
[0.0291014]
[0.00983923]
[-0.000499225]
[-0.0148469]
[-0.0359754]
[-0.0777569]
[-0.116516]
[-0.0918069]
[-0.0716142]
[-0.0294499]
[0.0522206]
[0.0625062]
[0.00712937]
[-0.0496525]
[-0.0673191]
[-0.0571404]
[-0.0199436]
[0.00828539]
[0.010762]
[0.00271239]
[0.00053776]
[0.000175419]
[0.00213142]
[0.00734722]
[0.012756]
[0.015659]
[0.0234295]
[0.0205679]
[-0.0120791]
[-0.0398489]
[-0.0433993]
[-0.0252803]
[-0.0344884]
[-0.0817818]
[-0.10374]
[-0.027316]
[-0.0210728]
[-0.024633]
[0.0484156]
[0.0548214]
[-0.0122988]
[-0.0562695]
[-0.0565082]
[-0.0318605]
[-0.000502951]
[0.00816174]
[0.00788136]
[0.00201626]
[0.000109775]
[9.16448e-05]
[0.00129715]
[0.00505386]
[0.00932186]
[0.0169634]
[0.0310219]
[0.0136474]
[-0.0342311]
[-0.0586955]
[-0.0442915]
[0.00617514]
[0.0103125]
[-0.0515785]
[-0.0543677]
[0.0549737]
[0.0150084]
[-0.00560116]
[0.0783636]
[0.0554547]
[-0.0239142]
[-0.0557033]
[-0.0372593]
[-0.0100042]
[0.0165276]
[0.0140416]
[0.00431646]
[0.00139576]
[0.000148721]
[1.96328e-05]
[0.000479224]
[0.00236875]
[0.00717447]
[0.017357]
[0.0294155]
[0.00172498]
[-0.0493415]
[-0.0675306]
[-0.0254993]
[0.0380202]
[0.0258687]
[-0.0540698]
[-0.00943768]
[0.0855147]
[0.0114821]
[-0.00154034]
[0.0945353]
[0.0600321]
[-0.0240325]
[-0.0378337]
[-0.0143596]
[0.00145108]
[0.0213238]
[0.0217285]
[0.0064813]
[0.00221631]
[0.000668423]
[0]
[0.000195339]
[0.00105478]
[0.00531794]
[0.0130564]
[0.0199222]
[-0.0191258]
[-0.0603743]
[-0.0720309]
[-0.00872943]
[0.0510309]
[0.016062]
[-0.0706499]
[0.00516962]
[0.0594694]
[-0.0255833]
[-0.00990578]
[0.0970423]
[0.0518091]
[-0.00869578]
[-0.0171088]
[-0.00961061]
[0.00866364]
[0.0213028]
[0.0230003]
[0.00583131]
[0.00159038]
[4.73331e-05]
[0]
[0]
[0.00020639]
[0.00593698]
[0.00648786]
[-0.000974662]
[-0.0448556]
[-0.0709026]
[-0.0563794]
[0.00461308]
[0.0369408]
[-0.0103255]
[-0.0722781]
[-0.0113479]
[0.017102]
[-0.0769753]
[-0.0263709]
[0.0688978]
[0.00347686]
[-0.0167653]
[-0.00505602]
[-0.00659615]
[0.00592449]
[0.0203045]
[0.021881]
[0.00651189]
[0.00209636]
[0.00026573]
[0]
[7.47829e-07]
[0.000657128]
[0.00455286]
[-0.00234811]
[-0.0208702]
[-0.0520155]
[-0.0701127]
[-0.0450167]
[0.0192537]
[0.0403528]
[-0.00295518]
[-0.0610634]
[-0.0246076]
[-0.0133207]
[-0.0751914]
[-0.0149454]
[0.00822482]
[-0.0205636]
[-0.0043515]
[0.00586381]
[-0.00196806]
[0.0200112]
[0.033181]
[0.0234151]
[0.00865366]
[0.0043848]
[0.000932667]
[0]
[1.79498e-05]
[0.00132449]
[0.00337805]
[-0.0114666]
[-0.0344787]
[-0.0441638]
[-0.0549]
[-0.0196296]
[0.0427289]
[0.0595668]
[0.0233832]
[-0.038884]
[-0.0240936]
[-0.0283549]
[-0.0470202]
[-0.0234667]
[-0.0284861]
[-0.0152847]
[0.0252723]
[0.0327238]
[0.0212361]
[0.0370046]
[0.0351217]
[0.0214015]
[0.00931865]
[0.00369498]
[0.00082406]
[6.14241e-05]
[0.000119713]
[0.0016226]
[0.00417451]
[-0.0192418]
[-0.0429869]
[-0.0412304]
[-0.0339335]
[0.00023077]
[0.0497512]
[0.0734367]
[0.03965]
[-0.0153684]
[-0.0394987]
[-0.0449987]
[-0.0593669]
[-0.0510291]
[-0.0237031]
[0.0153825]
[0.0448677]
[0.0433158]
[0.046482]
[0.0434288]
[0.0314947]
[0.0168262]
[0.00785376]
[0.00307608]
[0.000567964]
[0]
[0.000285323]
[0.00230294]
[0.00318842]
[-0.0231851]
[-0.0611839]
[-0.0602178]
[-0.0380197]
[0.00453005]
[0.0511458]
[0.0659848]
[0.0378613]
[-0.0147786]
[-0.0553662]
[-0.0544702]
[-0.0602276]
[-0.0420918]
[0.00935266]
[0.0407147]
[0.0469912]
[0.0522975]
[0.050331]
[0.0355758]
[0.0189834]
[0.0106274]
[0.006924]
[0.00261951]
[0.000221085]
[0]
[0.000126719]
[0.00110103]
[0.00331347]
[-0.021575]
[-0.0639188]
[-0.0850275]
[-0.0615631]
[-0.0129605]
[0.0344877]
[0.045802]
[0.018283]
[-0.0301464]
[-0.0439389]
[-0.0359172]
[-0.0309884]
[-0.00412629]
[0.0384213]
[0.0512502]
[0.0467416]
[0.0480699]
[0.0313609]
[0.012739]
[0.0051117]
[0.00487217]
[0.00226522]
[0.000683085]
[2.65825e-05]
[-6.28249e-06]
[0.000108416]
[0.00038456]
[0.000353983]
[-0.0168809]
[-0.0504538]
[-0.0796999]
[-0.0863869]
[-0.0419006]
[0.00367745]
[0.00904891]
[-0.0313579]
[-0.0704698]
[-0.0645097]
[-0.0403109]
[-0.0054986]
[0.0278035]
[0.0526806]
[0.0537356]
[0.049804]
[0.0351166]
[0.0128885]
[-0.00162746]
[-0.00420567]
[0.00018245]
[0.00050953]
[0.0001557]
[4.97304e-07]
[-6.08616e-06]
[1.09798e-06]
[0.00083308]
[-0.00141916]
[-0.00722951]
[-0.02526]
[-0.0507534]
[-0.0757322]
[-0.0613688]
[-0.0233663]
[-0.0060115]
[-0.0180118]
[-0.0432446]
[-0.0426826]
[-0.0136072]
[0.021738]
[0.0482776]
[0.0690065]
[0.0656071]
[0.0513587]
[0.0262413]
[0.010243]
[-0.000910798]
[-0.00214784]
[0.000562546]
[0.000636328]
[-0.000116694]
[9.18099e-07]
[0]
[0]
[0.000689599]
[0.000839229]
[0.0034251]
[0.00609207]
[0.00336193]
[-0.00850783]
[-0.0254038]
[-0.0256731]
[-0.0177498]
[-0.00259449]
[0.015738]
[0.0296736]
[0.0368891]
[0.0487105]
[0.0580936]
[0.0804451]
[0.0734011]
[0.0601106]
[0.0389289]
[0.0172653]
[0.00694158]
[0.00408695]
[0.00235797]
[0.000700163]
[-3.14714e-05]
[0]
[0]
[0]
[0.000460264]
[0.00118832]
[0.00573306]
[0.0150986]
[0.022467]
[0.0246854]
[0.0154006]
[0.00969181]
[0.0155773]
[0.0249705]
[0.0407218]
[0.0402109]
[0.0393508]
[0.0550726]
[0.0694018]
[0.0824132]
[0.0718203]
[0.0533003]
[0.032235]
[0.017995]
[0.00941618]
[0.00485434]
[0.00203561]
[0.000314628]
[7.20991e-05]
[0]
[0]
[0]
[4.76728e-05]
[0.000624653]
[0.00321303]
[0.00614871]
[0.0104922]
[0.0169875]
[0.0218811]
[0.0271975]
[0.0357605]
[0.047188]
[0.0581341]
[0.0622675]
[0.0621231]
[0.0696895]
[0.0686552]
[0.0675732]
[0.0506998]
[0.0281792]
[0.0158001]
[0.00999407]
[0.00468042]
[0.00173242]
[0.00047296]
[3.98509e-05]
[7.04419e-05]
[0]
[0]
[0]
[0]
[0]
[0.000523685]
[0.00122823]
[0.00390225]
[0.0071877]
[0.012692]
[0.0174115]
[0.027416]
[0.0370385]
[0.0465984]
[0.050258]
[0.050348]
[0.0483073]
[0.0444421]
[0.0383945]
[0.0277544]
[0.0152608]
[0.00722533]
[0.00438583]
[0.00174316]
[0.000300377]
[1.19682e-05]
[1.45716e-05]
[0]
[0]
[0]
[0]
[0]
[0]
[0]
[2.93752e-05]
[0.000515574]
[0.00115491]
[0.00064041]
[0.00115645]
[0.00361456]
[0.00531171]
[0.00798088]
[0.00931395]
[0.0131525]
[0.0126948]
[0.0105522]
[0.00909465]
[0.00534904]
[0.00262155]
[0.00149819]
[0.000667639]
[0.000991902]
[0.000185751]
[0]
[0]
[0]
[0]
------------------pls da: 0
