iter: 01574 2558 6693
iter: 00.190396 0.380929
iter: 13180 1504 4296
iter: 10.615757 1.05984
iter: 2622 3555 4738
iter: 20.731801 1.20875
iter: 3501 3850 3652
iter: 30.852437 1.32389
iter: 4397 3675 2898
iter: 40.972923 1.42139
iter: 5250 3545 2132
iter: 51.07788 1.48726
iter: 6295 3842 2470
iter: 61.18457 1.55857
iter: 7470 3931 2632
iter: 71.33608 1.66537
iter: 8324 3739 2257
iter: 81.46162 1.74511
iter: 9318 3870 2301
iter: 91.58304 1.82104
iter: 03485 647 989
iter: 00.778945 0.843417
iter: 14572 112 321
iter: 11.71334 1.81951
iter: 22604 1573 2141
iter: 22.26213 2.44292
iter: 31989 2362 2315
iter: 32.72426 2.90006
iter: 42013 2059 1771
iter: 43.25623 3.39441
iter: 51914 1881 2008
iter: 53.74425 3.89876
iter: 63222 915 1145
iter: 64.48206 4.67758
iter: 72196 2205 2640
iter: 74.93615 5.17656
iter: 81756 2307 1688
iter: 85.44602 5.60875
iter: 91625 2563 1606
iter: 95.94896 5.99676
